,date,sales,diff,lag_1,lag_2,lag_3,lag_4,lag_5,lag_6,lag_7,lag_8,lag_9,lag_10,lag_11,lag_12
0,2014-02-01,2872,-1.0,10.0,-882.0,179.0,-212.0,-522.0,-351.0,351.0,226.0,219.0,392.0,986.0,21.0
1,2014-03-01,3967,1095.0,-1.0,10.0,-882.0,179.0,-212.0,-522.0,-351.0,351.0,226.0,219.0,392.0,986.0
2,2014-04-01,4968,1001.0,1095.0,-1.0,10.0,-882.0,179.0,-212.0,-522.0,-351.0,351.0,226.0,219.0,392.0
3,2014-05-01,7614,2646.0,1001.0,1095.0,-1.0,10.0,-882.0,179.0,-212.0,-522.0,-351.0,351.0,226.0,219.0
4,2014-06-01,7768,154.0,2646.0,1001.0,1095.0,-1.0,10.0,-882.0,179.0,-212.0,-522.0,-351.0,351.0,226.0
5,2014-07-01,8460,692.0,154.0,2646.0,1001.0,1095.0,-1.0,10.0,-882.0,179.0,-212.0,-522.0,-351.0,351.0
6,2014-08-01,7698,-762.0,692.0,154.0,2646.0,1001.0,1095.0,-1.0,10.0,-882.0,179.0,-212.0,-522.0,-351.0
7,2014-09-01,6838,-860.0,-762.0,692.0,154.0,2646.0,1001.0,1095.0,-1.0,10.0,-882.0,179.0,-212.0,-522.0
8,2014-10-01,6434,-404.0,-860.0,-762.0,692.0,154.0,2646.0,1001.0,1095.0,-1.0,10.0,-882.0,179.0,-212.0
9,2014-11-01,6928,494.0,-404.0,-860.0,-762.0,692.0,154.0,2646.0,1001.0,1095.0,-1.0,10.0,-882.0,179.0
10,2014-12-01,4959,-1969.0,494.0,-404.0,-860.0,-762.0,692.0,154.0,2646.0,1001.0,1095.0,-1.0,10.0,-882.0
11,2015-01-01,4633,-326.0,-1969.0,494.0,-404.0,-860.0,-762.0,692.0,154.0,2646.0,1001.0,1095.0,-1.0,10.0
12,2015-02-01,4835,202.0,-326.0,-1969.0,494.0,-404.0,-860.0,-762.0,692.0,154.0,2646.0,1001.0,1095.0,-1.0
13,2015-03-01,6239,1404.0,202.0,-326.0,-1969.0,494.0,-404.0,-860.0,-762.0,692.0,154.0,2646.0,1001.0,1095.0
14,2015-04-01,7035,796.0,1404.0,202.0,-326.0,-1969.0,494.0,-404.0,-860.0,-762.0,692.0,154.0,2646.0,1001.0
15,2015-05-01,8026,991.0,796.0,1404.0,202.0,-326.0,-1969.0,494.0,-404.0,-860.0,-762.0,692.0,154.0,2646.0
16,2015-06-01,7970,-56.0,991.0,796.0,1404.0,202.0,-326.0,-1969.0,494.0,-404.0,-860.0,-762.0,692.0,154.0
17,2015-07-01,8814,844.0,-56.0,991.0,796.0,1404.0,202.0,-326.0,-1969.0,494.0,-404.0,-860.0,-762.0,692.0
18,2015-08-01,7997,-817.0,844.0,-56.0,991.0,796.0,1404.0,202.0,-326.0,-1969.0,494.0,-404.0,-860.0,-762.0
19,2015-09-01,7101,-896.0,-817.0,844.0,-56.0,991.0,796.0,1404.0,202.0,-326.0,-1969.0,494.0,-404.0,-860.0
20,2015-10-01,7116,15.0,-896.0,-817.0,844.0,-56.0,991.0,796.0,1404.0,202.0,-326.0,-1969.0,494.0,-404.0
21,2015-11-01,7149,33.0,15.0,-896.0,-817.0,844.0,-56.0,991.0,796.0,1404.0,202.0,-326.0,-1969.0,494.0
22,2015-12-01,5083,-2066.0,33.0,15.0,-896.0,-817.0,844.0,-56.0,991.0,796.0,1404.0,202.0,-326.0,-1969.0
23,2016-01-01,5166,83.0,-2066.0,33.0,15.0,-896.0,-817.0,844.0,-56.0,991.0,796.0,1404.0,202.0,-326.0
24,2016-02-01,5250,84.0,83.0,-2066.0,33.0,15.0,-896.0,-817.0,844.0,-56.0,991.0,796.0,1404.0,202.0
25,2016-03-01,6677,1427.0,84.0,83.0,-2066.0,33.0,15.0,-896.0,-817.0,844.0,-56.0,991.0,796.0,1404.0
26,2016-04-01,7619,942.0,1427.0,84.0,83.0,-2066.0,33.0,15.0,-896.0,-817.0,844.0,-56.0,991.0,796.0
27,2016-05-01,8525,906.0,942.0,1427.0,84.0,83.0,-2066.0,33.0,15.0,-896.0,-817.0,844.0,-56.0,991.0
28,2016-06-01,8759,234.0,906.0,942.0,1427.0,84.0,83.0,-2066.0,33.0,15.0,-896.0,-817.0,844.0,-56.0
29,2016-07-01,9557,798.0,234.0,906.0,942.0,1427.0,84.0,83.0,-2066.0,33.0,15.0,-896.0,-817.0,844.0
30,2016-08-01,8723,-834.0,798.0,234.0,906.0,942.0,1427.0,84.0,83.0,-2066.0,33.0,15.0,-896.0,-817.0
31,2016-09-01,7706,-1017.0,-834.0,798.0,234.0,906.0,942.0,1427.0,84.0,83.0,-2066.0,33.0,15.0,-896.0
32,2016-10-01,7434,-272.0,-1017.0,-834.0,798.0,234.0,906.0,942.0,1427.0,84.0,83.0,-2066.0,33.0,15.0
33,2016-11-01,7713,279.0,-272.0,-1017.0,-834.0,798.0,234.0,906.0,942.0,1427.0,84.0,83.0,-2066.0,33.0
34,2016-12-01,5748,-1965.0,279.0,-272.0,-1017.0,-834.0,798.0,234.0,906.0,942.0,1427.0,84.0,83.0,-2066.0
35,2017-01-01,5270,-478.0,-1965.0,279.0,-272.0,-1017.0,-834.0,798.0,234.0,906.0,942.0,1427.0,84.0,83.0
36,2017-02-01,5300,30.0,-478.0,-1965.0,279.0,-272.0,-1017.0,-834.0,798.0,234.0,906.0,942.0,1427.0,84.0
37,2017-03-01,7154,1854.0,30.0,-478.0,-1965.0,279.0,-272.0,-1017.0,-834.0,798.0,234.0,906.0,942.0,1427.0
38,2017-04-01,8078,924.0,1854.0,30.0,-478.0,-1965.0,279.0,-272.0,-1017.0,-834.0,798.0,234.0,906.0,942.0
39,2017-05-01,8693,615.0,924.0,1854.0,30.0,-478.0,-1965.0,279.0,-272.0,-1017.0,-834.0,798.0,234.0,906.0
40,2017-06-01,9116,423.0,615.0,924.0,1854.0,30.0,-478.0,-1965.0,279.0,-272.0,-1017.0,-834.0,798.0,234.0
41,2017-07-01,10001,885.0,423.0,615.0,924.0,1854.0,30.0,-478.0,-1965.0,279.0,-272.0,-1017.0,-834.0,798.0
42,2017-08-01,8747,-1254.0,885.0,423.0,615.0,924.0,1854.0,30.0,-478.0,-1965.0,279.0,-272.0,-1017.0,-834.0
43,2017-09-01,7967,-780.0,-1254.0,885.0,423.0,615.0,924.0,1854.0,30.0,-478.0,-1965.0,279.0,-272.0,-1017.0
44,2017-10-01,7653,-314.0,-780.0,-1254.0,885.0,423.0,615.0,924.0,1854.0,30.0,-478.0,-1965.0,279.0,-272.0
45,2017-11-01,7829,176.0,-314.0,-780.0,-1254.0,885.0,423.0,615.0,924.0,1854.0,30.0,-478.0,-1965.0,279.0
46,2017-12-01,5938,-1891.0,176.0,-314.0,-780.0,-1254.0,885.0,423.0,615.0,924.0,1854.0,30.0,-478.0,-1965.0
